0, 1073741824, 0
1, 1073741824, 0
2, 1073741824, 0
3, 1073741824, 0
4, 1073741824, 0
5, 1073741824, 0
6, 1073741824, 0
7, 1073741824, 0
8, 1073741824, 0
9, 1073741824, 0
10, 1073741824, 0
11, 1073741824, 0
12, 1073741824, 0
13, 1073741824, 0
14, 1073741824, 0
15, 1073741824, 0
16, 1073741824, 0
17, 1073741824, 0
18, 1073741824, 0
19, 1073741824, 0
20, 1073741824, 0
21, 1073741824, 0
22, 1073741824, 0
23, 1073741824, 0
24, 1073741824, 0
25, 1073741824, 0
26, 1073741824, 0
27, 1073741824, 0
28, 1073741824, 0
29, 1073741824, 0
30, 1073741824, 0
31, 1073741824, 0
32, 1073741824, 0
33, 1073741824, 0
34, 1073741824, 0
35, 1073741824, 0
36, 1073741824, 0
37, 1073741824, 0
38, 1073741824, 0
39, 1073741824, 0
40, 1073741824, 0
41, 1073741824, 0
42, 1073741824, 0
43, 1073741824, 0
44, 1073741824, 0
45, 1073741824, 0
46, 1073741824, 0
47, 1073741824, 0
48, 1073741824, 0
49, 1073741824, 0
50, 1073741824, 0
51, 1073741824, 0
52, 1073741824, 0
53, 1073741824, 0
54, 1073741824, 0
55, 1073741824, 0
56, 1073741824, 0
57, 1073741824, 0
58, 1073741824, 0
59, 1073741824, 0
60, 1073741824, 0
61, 1073741824, 0
62, 1073741824, 0
63, 1073741824, 0
64, 1073741824, 0
65, 1073741824, 0
66, 1073741824, 0
67, 1073741824, 0
68, 1073741824, 0
69, 1073741824, 0
70, 1073741824, 0
71, 1073741824, 0
72, 1073741824, 0
73, 1073741824, 0
74, 1073741824, 0
75, 1073741824, 0
76, 1073741824, 0
77, 1073741824, 0
78, 1073741824, 0
79, 1073741824, 0
80, 1073741824, 0
81, 1073741824, 0
82, 1073741824, 0
83, 1073741824, 0
84, 1073741824, 0
85, 1073741824, 0
86, 1073741824, 0
87, 1073741824, 0
88, 1073741824, 0
89, 1073741824, 0
90, 1073741824, 0
91, 1073741824, 0
92, 1073741824, 0
93, 1073741824, 0
94, 1073741824, 0
95, 1073741824, 0
96, 1073741824, 0
97, 1073741824, 0
98, 1073741824, 0
99, 1073741824, 0
100, 1073741824, 0
101, 1073741824, 0
102, 1073741824, 0
103, 1073741824, 0
104, 1073741824, 0
105, 1073741824, 0
106, 1073741824, 0
107, 1073741824, 0
108, 1073741824, 0
109, 1073741824, 0
110, 1073741824, 0
111, 1073741824, 0
112, 1073741824, 0
113, 1073741824, 0
114, 1073741824, 0
115, 1073741824, 0
116, 1073741824, 0
117, 1073741824, 0
118, 1073741824, 0
119, 1073741824, 0
120, 1073741824, 0
121, 1073741824, 0
122, 1073741824, 0
123, 1073741824, 0
124, 1073741824, 0
125, 1073741824, 0
126, 1073741824, 0
127, 1073741824, 0
128, 1073741824, 0
129, 1073741824, 0
130, 1073741824, 0
131, 1073741824, 0
132, 1073741824, 0
133, 1073741824, 0
134, 1073741824, 0
135, 1073741824, 0
136, 1073741824, 0
137, 1073741824, 0
138, 1073741824, 0
139, 1073741824, 0
140, 1073741824, 0
141, 1073741824, 0
142, 1073741824, 0
143, 1073741824, 0
144, 1073741824, 0
145, 1073741824, 0
146, 1073741824, 0
147, 1073741824, 0
148, 1073741824, 0
149, 1073741824, 0
150, 1073741824, 0
151, 1073741824, 0
152, 1073741824, 0
153, 1073741824, 0
154, 1073741824, 0
155, 1073741824, 0
156, 1073741824, 0
157, 1073741824, 0
158, 1073741824, 0
159, 1073741824, 0
160, 1073741824, 0
161, 1073741824, 0
162, 1073741824, 0
163, 1073741824, 0
164, 1073741824, 0
165, 1073741824, 0
166, 1073741824, 0
167, 1073741824, 0
168, 1073741824, 0
169, 1073741824, 0
170, 1073741824, 0
171, 1073741824, 0
172, 1073741824, 0
173, 1073741824, 0
174, 1073741824, 0
175, 1073741824, 0
176, 1073741824, 0
177, 1073741824, 0
178, 1073741824, 0
179, 1073741824, 0
180, 1073741824, 0
181, 1073741824, 0
182, 1073741824, 0
183, 1073741824, 0
184, 1073741824, 0
185, 1073741824, 0
186, 1073741824, 0
187, 1073741824, 0
188, 1073741824, 0
189, 1073741824, 0
190, 1073741824, 0
191, 1073741824, 0
192, 1073741824, 0
193, 1073741824, 0
194, 1073741824, 0
195, 1073741824, 0
196, 1073741824, 0
197, 1073741824, 0
198, 1073741824, 0
199, 1073741824, 0
200, 1073741824, 0
201, 1073741824, 0
202, 1073741824, 0
203, 1073741824, 0
204, 1073741824, 0
205, 1073741824, 0
206, 1073741824, 0
207, 1073741824, 0
208, 1073741824, 0
209, 1073741824, 0
210, 1073741824, 0
211, 1073741824, 0
212, 1073741824, 0
213, 1073741824, 0
214, 1073741824, 0
215, 1073741824, 0
216, 1073741824, 0
217, 1073741824, 0
218, 1073741824, 0
219, 1073741824, 0
220, 1073741824, 0
221, 1073741824, 0
222, 1073741824, 0
223, 1073741824, 0
224, 1073741824, 0
225, 1073741824, 0
226, 1073741824, 0
227, 1073741824, 0
228, 1073741824, 0
229, 1073741824, 0
230, 1073741824, 0
231, 1073741824, 0
232, 1073741824, 0
233, 1073741824, 0
234, 1073741824, 0
235, 1073741824, 0
236, 1073741824, 0
237, 1073741824, 0
238, 1073741824, 0
239, 1073741824, 0
240, 1073741824, 0
241, 1073741824, 0
242, 1073741824, 0
243, 1073741824, 0
244, 1073741824, 0
245, 1073741824, 0
246, 1073741824, 0
247, 1073741824, 0
248, 1073741824, 0
249, 1073741824, 0
250, 1073741824, 0
251, 1073741824, 0
252, 1073741824, 0
253, 1073741824, 0
254, 1073741824, 0
255, 1073741824, 0
256, 1073741824, 0
257, 1073741824, 0
258, 1073741824, 0
259, 1073741824, 0
260, 1073741824, 0
261, 1073741824, 0
262, 1073741824, 0
263, 1073741824, 0
264, 1073741824, 0
265, 1073741824, 0
266, 1073741824, 0
267, 1073741824, 0
268, 1073741824, 0
269, 1073741824, 0
270, 1073741824, 0
271, 1073741824, 0
272, 1073741824, 0
273, 1073741824, 0
274, 1073741824, 0
275, 1073741824, 0
276, 1073741824, 0
277, 1073741824, 0
278, 1073741824, 0
279, 1073741824, 0
280, 1073741824, 0
281, 1073741824, 0
282, 1073741824, 0
283, 1073741824, 0
284, 1073741824, 0
285, 1073741824, 0
286, 1073741824, 0
287, 1073741824, 0
288, 1073741824, 0
289, 1073741824, 0
290, 1073741824, 0
291, 1073741824, 0
292, 1073741824, 0
293, 1073741824, 0
294, 1073741824, 0
295, 1073741824, 0
296, 1073741824, 0
297, 1073741824, 0
298, 1073741824, 0
299, 1073741824, 0
300, 1073741824, 0
301, 1073741824, 0
302, 1073741824, 0
303, 1073741824, 0
304, 1073741824, 0
305, 1073741824, 0
306, 1073741824, 0
307, 1073741824, 0
308, 1073741824, 0
309, 1073741824, 0
310, 1073741824, 0
311, 1073741824, 0
312, 1073741824, 0
313, 1073741824, 0
314, 1073741824, 0
315, 1073741824, 0
316, 1073741824, 0
317, 1073741824, 0
318, 1073741824, 0
319, 1073741824, 0
320, 1073741824, 0
321, 1073741824, 0
322, 1073741824, 0
323, 1073741824, 0
324, 1073741824, 0
325, 1073741824, 0
326, 1073741824, 0
327, 1073741824, 0
328, 1073741824, 0
329, 1073741824, 0
330, 1073741824, 0
331, 1073741824, 0
332, 1073741824, 0
333, 1073741824, 0
334, 1073741824, 0
335, 1073741824, 0
336, 1073741824, 0
337, 1073741824, 0
338, 1073741824, 0
339, 1073741824, 0
340, 1073741824, 0
341, 1073741824, 0
342, 1073741824, 0
343, 1073741824, 0
344, 1073741824, 0
345, 1073741824, 0
346, 1073741824, 0
347, 1073741824, 0
348, 1073741824, 0
349, 1073741824, 0
350, 1073741824, 0
351, 1073741824, 0
352, 1073741824, 0
353, 1073741824, 0
354, 1073741824, 0
355, 1073741824, 0
356, 1073741824, 0
357, 1073741824, 0
358, 1073741824, 0
359, 1073741824, 0
360, 1073741824, 0
361, 1073741824, 0
362, 1073741824, 0
363, 1073741824, 0
364, 1073741824, 0
365, 1073741824, 0
366, 1073741824, 0
367, 1073741824, 0
368, 1073741824, 0
369, 1073741824, 0
370, 1073741824, 0
371, 1073741824, 0
372, 1073741824, 0
373, 1073741824, 0
374, 1073741824, 0
375, 1073741824, 0
376, 1073741824, 0
377, 1073741824, 0
378, 1073741824, 0
379, 1073741824, 0
380, 1073741824, 0
381, 1073741824, 0
382, 1073741824, 0
383, 1073741824, 0
384, 1073741824, 0
385, 1073741824, 0
386, 1073741824, 0
387, 1073741824, 0
388, 1073741824, 0
389, 1073741824, 0
390, 1073741824, 0
391, 1073741824, 0
392, 1073741824, 0
393, 1073741824, 0
394, 1073741824, 0
395, 1073741824, 0
396, 1073741824, 0
397, 1073741824, 0
398, 1073741824, 0
399, 1073741824, 0
400, 1073741824, 0
401, 1073741824, 0
402, 1073741824, 0
403, 1073741824, 0
404, 1073741824, 0
405, 1073741824, 0
406, 1073741824, 0
407, 1073741824, 0
408, 1073741824, 0
409, 1073741824, 0
410, 1073741824, 0
411, 1073741824, 0
412, 1073741824, 0
413, 1073741824, 0
414, 1073741824, 0
415, 1073741824, 0
416, 1073741824, 0
417, 1073741824, 0
418, 1073741824, 0
419, 1073741824, 0
420, 1073741824, 0
421, 1073741824, 0
422, 1073741824, 0
423, 1073741824, 0
424, 1073741824, 0
425, 1073741824, 0
426, 1073741824, 0
427, 1073741824, 0
428, 1073741824, 0
429, 1073741824, 0
430, 1073741824, 0
431, 1073741824, 0
432, 1073741824, 0
433, 1073741824, 0
434, 1073741824, 0
435, 1073741824, 0
436, 1073741824, 0
437, 1073741824, 0
438, 1073741824, 0
439, 1073741824, 0
440, 1073741824, 0
441, 1073741824, 0
442, 1073741824, 0
443, 1073741824, 0
444, 1073741824, 0
445, 1073741824, 0
446, 1073741824, 0
447, 1073741824, 0
448, 1073741824, 0
449, 1073741824, 0
450, 1073741824, 0
451, 1073741824, 0
452, 1073741824, 0
453, 1073741824, 0
454, 1073741824, 0
455, 1073741824, 0
456, 1073741824, 0
457, 1073741824, 0
458, 1073741824, 0
459, 1073741824, 0
460, 1073741824, 0
461, 1073741824, 0
462, 1073741824, 0
463, 1073741824, 0
464, 1073741824, 0
465, 1073741824, 0
466, 1073741824, 0
467, 1073741824, 0
468, 1073741824, 0
469, 1073741824, 0
470, 1073741824, 0
471, 1073741824, 0
472, 1073741824, 0
473, 1073741824, 0
474, 1073741824, 0
475, 1073741824, 0
476, 1073741824, 0
477, 1073741824, 0
478, 1073741824, 0
479, 1073741824, 0
480, 1073741824, 0
481, 1073741824, 0
482, 1073741824, 0
483, 1073741824, 0
484, 1073741824, 0
485, 1073741824, 0
486, 1073741824, 0
487, 1073741824, 0
488, 1073741824, 0
489, 1073741824, 0
490, 1073741824, 0
491, 1073741824, 0
492, 1073741824, 0
493, 1073741824, 0
494, 1073741824, 0
495, 1073741824, 0
496, 1073741824, 0
497, 1073741824, 0
498, 1073741824, 0
499, 1073741824, 0
500, 1073741824, 0
501, 1073741824, 0
502, 1073741824, 0
503, 1073741824, 0
504, 1073741824, 0
505, 1073741824, 0
506, 1073741824, 0
507, 1073741824, 0
508, 1073741824, 0
509, 1073741824, 0
510, 1073741824, 0
511, 1073741824, 0
512, 1073741824, 0
513, 1073741824, 0
514, 1073741824, 0
515, 1073741824, 0
516, 1073741824, 0
517, 1073741824, 0
518, 1073741824, 0
519, 1073741824, 0
520, 1073741824, 0
521, 1073741824, 0
522, 1073741824, 0
523, 1073741824, 0
524, 1073741824, 0
525, 1073741824, 0
526, 1073741824, 0
527, 1073741824, 0
528, 1073741824, 0
529, 1073741824, 0
530, 1073741824, 0
531, 1073741824, 0
532, 1073741824, 0
533, 1073741824, 0
534, 1073741824, 0
535, 1073741824, 0
536, 1073741824, 0
537, 1073741824, 0
538, 1073741824, 0
539, 1073741824, 0
540, 1073741824, 0
541, 1073741824, 0
542, 1073741824, 0
543, 1073741824, 0
544, 1073741824, 0
545, 1073741824, 0
546, 1073741824, 0
547, 1073741824, 0
548, 1073741824, 0
549, 1073741824, 0
550, 1073741824, 0
551, 1073741824, 0
552, 1073741824, 0
553, 1073741824, 0
554, 1073741824, 0
555, 1073741824, 0
556, 1073741824, 0
557, 1073741824, 0
558, 1073741824, 0
559, 1073741824, 0
560, 1073741824, 0
561, 1073741824, 0
562, 1073741824, 0
563, 1073741824, 0
564, 1073741824, 0
565, 1073741824, 0
566, 1073741824, 0
567, 1073741824, 0
568, 1073741824, 0
569, 1073741824, 0
570, 1073741824, 0
571, 1073741824, 0
572, 1073741824, 0
573, 1073741824, 0
574, 1073741824, 0
575, 1073741824, 0
576, 1073741824, 0
577, 1073741824, 0
578, 1073741824, 0
579, 1073741824, 0
580, 1073741824, 0
581, 1073741824, 0
582, 1073741824, 0
583, 1073741824, 0
584, 1073741824, 0
585, 1073741824, 0
586, 1073741824, 0
587, 1073741824, 0
588, 1073741824, 0
589, 1073741824, 0
590, 1073741824, 0
591, 1073741824, 0
592, 1073741824, 0
593, 1073741824, 0
594, 1073741824, 0
595, 1073741824, 0
596, 1073741824, 0
597, 1073741824, 0
598, 1073741824, 0
599, 1073741824, 0
600, 1073741824, 0
601, 1073741824, 0
602, 1073741824, 0
603, 1073741824, 0
604, 1073741824, 0
605, 1073741824, 0
606, 1073741824, 0
607, 1073741824, 0
608, 1073741824, 0
609, 1073741824, 0
610, 1073741824, 0
611, 1073741824, 0
612, 1073741824, 0
613, 1073741824, 0
614, 1073741824, 0
615, 1073741824, 0
616, 1073741824, 0
617, 1073741824, 0
618, 1073741824, 0
619, 1073741824, 0
620, 1073741824, 0
621, 1073741824, 0
622, 1073741824, 0
623, 1073741824, 0
624, 1073741824, 0
625, 1073741824, 0
626, 1073741824, 0
627, 1073741824, 0
628, 1073741824, 0
629, 1073741824, 0
630, 1073741824, 0
631, 1073741824, 0
632, 1073741824, 0
633, 1073741824, 0
634, 1073741824, 0
635, 1073741824, 0
636, 1073741824, 0
637, 1073741824, 0
638, 1073741824, 0
639, 1073741824, 0
640, 1073741824, 0
641, 1073741824, 0
642, 1073741824, 0
643, 1073741824, 0
644, 1073741824, 0
645, 1073741824, 0
646, 1073741824, 0
647, 1073741824, 0
648, 1073741824, 0
649, 1073741824, 0
650, 1073741824, 0
651, 1073741824, 0
652, 1073741824, 0
653, 1073741824, 0
654, 1073741824, 0
655, 1073741824, 0
656, 1073741824, 0
657, 1073741824, 0
658, 1073741824, 0
659, 1073741824, 0
660, 1073741824, 0
661, 1073741824, 0
662, 1073741824, 0
663, 1073741824, 0
664, 1073741824, 0
665, 1073741824, 0
666, 1073741824, 0
667, 1073741824, 0
668, 1073741824, 0
669, 1073741824, 0
670, 1073741824, 0
671, 1073741824, 0
672, 1073741824, 0
673, 1073741824, 0
674, 1073741824, 0
675, 1073741824, 0
676, 1073741824, 0
677, 1073741824, 0
678, 1073741824, 0
679, 1073741824, 0
680, 1073741824, 0
681, 1073741824, 0
682, 1073741824, 0
683, 1073741824, 0
684, 1073741824, 0
685, 1073741824, 0
686, 1073741824, 0
687, 1073741824, 0
688, 1073741824, 0
689, 1073741824, 0
690, 1073741824, 0
691, 1073741824, 0
692, 1073741824, 0
693, 1073741824, 0
694, 1073741824, 0
695, 1073741824, 0
696, 1073741824, 0
697, 1073741824, 0
698, 1073741824, 0
699, 1073741824, 0
700, 1073741824, 0
701, 1073741824, 0
702, 1073741824, 0
703, 1073741824, 0
704, 1073741824, 0
705, 1073741824, 0
706, 1073741824, 0
707, 1073741824, 0
708, 1073741824, 0
709, 1073741824, 0
710, 1073741824, 0
711, 1073741824, 0
712, 1073741824, 0
713, 1073741824, 0
714, 1073741824, 0
715, 1073741824, 0
716, 1073741824, 0
717, 1073741824, 0
718, 1073741824, 0
719, 1073741824, 0
720, 1073741824, 0
721, 1073741824, 0
722, 1073741824, 0
723, 1073741824, 0
724, 1073741824, 0
725, 1073741824, 0
726, 1073741824, 0
727, 1073741824, 0
728, 1073741824, 0
729, 1073741824, 0
730, 1073741824, 0
731, 1073741824, 0
732, 1073741824, 0
733, 1073741824, 0
734, 1073741824, 0
735, 1073741824, 0
736, 1073741824, 0
737, 1073741824, 0
738, 1073741824, 0
739, 1073741824, 0
740, 1073741824, 0
741, 1073741824, 0
742, 1073741824, 0
743, 1073741824, 0
744, 1073741824, 0
745, 1073741824, 0
746, 1073741824, 0
747, 1073741824, 0
748, 1073741824, 0
749, 1073741824, 0
750, 1073741824, 0
751, 1073741824, 0
752, 1073741824, 0
753, 1073741824, 0
754, 1073741824, 0
755, 1073741824, 0
756, 1073741824, 0
757, 1073741824, 0
758, 1073741824, 0
759, 1073741824, 0
760, 1073741824, 0
761, 1073741824, 0
762, 1073741824, 0
763, 1073741824, 0
764, 1073741824, 0
765, 1073741824, 0
766, 1073741824, 0
767, 1073741824, 0
768, 1073741824, 0
769, 1073741824, 0
770, 1073741824, 0
771, 1073741824, 0
772, 1073741824, 0
773, 1073741824, 0
774, 1073741824, 0
775, 1073741824, 0
776, 1073741824, 0
777, 1073741824, 0
778, 1073741824, 0
779, 1073741824, 0
780, 1073741824, 0
781, 1073741824, 0
782, 1073741824, 0
783, 1073741824, 0
784, 1073741824, 0
785, 1073741824, 0
786, 1073741824, 0
787, 1073741824, 0
788, 1073741824, 0
789, 1073741824, 0
790, 1073741824, 0
791, 1073741824, 0
792, 1073741824, 0
793, 1073741824, 0
794, 1073741824, 0
795, 1073741824, 0
796, 1073741824, 0
797, 1073741824, 0
798, 1073741824, 0
799, 1073741824, 0
800, 1073741824, 0
801, 1073741824, 0
802, 1073741824, 0
803, 1073741824, 0
804, 1073741824, 0
805, 1073741824, 0
806, 1073741824, 0
807, 1073741824, 0
808, 1073741824, 0
809, 1073741824, 0
810, 1073741824, 0
811, 1073741824, 0
812, 1073741824, 0
813, 1073741824, 0
814, 1073741824, 0
815, 1073741824, 0
816, 1073741824, 0
817, 1073741824, 0
818, 1073741824, 0
819, 1073741824, 0
820, 1073741824, 0
821, 1073741824, 0
822, 1073741824, 0
823, 1073741824, 0
824, 1073741824, 0
825, 1073741824, 0
826, 1073741824, 0
827, 1073741824, 0
828, 1073741824, 0
829, 1073741824, 0
830, 1073741824, 0
831, 1073741824, 0
832, 1073741824, 0
833, 1073741824, 0
834, 1073741824, 0
835, 1073741824, 0
836, 1073741824, 0
837, 1073741824, 0
838, 1073741824, 0
839, 1073741824, 0
840, 1073741824, 0
841, 1073741824, 0
842, 1073741824, 0
843, 1073741824, 0
844, 1073741824, 0
845, 1073741824, 0
846, 1073741824, 0
847, 1073741824, 0
848, 1073741824, 0
849, 1073741824, 0
850, 1073741824, 0
851, 1073741824, 0
852, 1073741824, 0
853, 1073741824, 0
854, 1073741824, 0
855, 1073741824, 0
856, 1073741824, 0
857, 1073741824, 0
858, 1073741824, 0
859, 1073741824, 0
860, 1073741824, 0
861, 1073741824, 0
862, 1073741824, 0
863, 1073741824, 0
864, 1073741824, 0
865, 1073741824, 0
866, 1073741824, 0
867, 1073741824, 0
868, 1073741824, 0
869, 1073741824, 0
870, 1073741824, 0
871, 1073741824, 0
872, 1073741824, 0
873, 1073741824, 0
874, 1073741824, 0
875, 1073741824, 0
876, 1073741824, 0
877, 1073741824, 0
878, 1073741824, 0
879, 1073741824, 0
880, 1073741824, 0
881, 1073741824, 0
882, 1073741824, 0
883, 1073741824, 0
884, 1073741824, 0
885, 1073741824, 0
886, 1073741824, 0
887, 1073741824, 0
888, 1073741824, 0
889, 1073741824, 0
890, 1073741824, 0
891, 1073741824, 0
892, 1073741824, 0
893, 1073741824, 0
894, 1073741824, 0
895, 1073741824, 0
896, 1073741824, 0
897, 1073741824, 0
898, 1073741824, 0
899, 1073741824, 0
900, 1073741824, 0
901, 1073741824, 0
902, 1073741824, 0
903, 1073741824, 0
904, 1073741824, 0
905, 1073741824, 0
906, 1073741824, 0
907, 1073741824, 0
908, 1073741824, 0
909, 1073741824, 0
910, 1073741824, 0
911, 1073741824, 0
912, 1073741824, 0
913, 1073741824, 0
914, 1073741824, 0
915, 1073741824, 0
916, 1073741824, 0
917, 1073741824, 0
918, 1073741824, 0
919, 1073741824, 0
920, 1073741824, 0
921, 1073741824, 0
922, 1073741824, 0
923, 1073741824, 0
924, 1073741824, 0
925, 1073741824, 0
926, 1073741824, 0
927, 1073741824, 0
928, 1073741824, 0
929, 1073741824, 0
930, 1073741824, 0
931, 1073741824, 0
932, 1073741824, 0
933, 1073741824, 0
934, 1073741824, 0
935, 1073741824, 0
936, 1073741824, 0
937, 1073741824, 0
938, 1073741824, 0
939, 1073741824, 0
940, 1073741824, 0
941, 1073741824, 0
942, 1073741824, 0
943, 1073741824, 0
944, 1073741824, 0
945, 1073741824, 0
946, 1073741824, 0
947, 1073741824, 0
948, 1073741824, 0
949, 1073741824, 0
950, 1073741824, 0
951, 1073741824, 0
952, 1073741824, 0
953, 1073741824, 0
954, 1073741824, 0
955, 1073741824, 0
956, 1073741824, 0
957, 1073741824, 0
958, 1073741824, 0
959, 1073741824, 0
960, 1073741824, 0
961, 1073741824, 0
962, 1073741824, 0
963, 1073741824, 0
964, 1073741824, 0
965, 1073741824, 0
966, 1073741824, 0
967, 1073741824, 0
968, 1073741824, 0
969, 1073741824, 0
970, 1073741824, 0
971, 1073741824, 0
972, 1073741824, 0
973, 1073741824, 0
974, 1073741824, 0
975, 1073741824, 0
976, 1073741824, 0
977, 1073741824, 0
978, 1073741824, 0
979, 1073741824, 0
980, 1073741824, 0
981, 1073741824, 0
982, 1073741824, 0
983, 1073741824, 0
984, 1073741824, 0
985, 1073741824, 0
986, 1073741824, 0
987, 1073741824, 0
988, 1073741824, 0
989, 1073741824, 0
990, 1073741824, 0
991, 1073741824, 0
992, 1073741824, 0
993, 1073741824, 0
994, 1073741824, 0
995, 1073741824, 0
996, 1073741824, 0
997, 1073741824, 0
998, 1073741824, 0
999, 1073741824, 0
1000, 1073741824, 0
1001, 1073741824, 0
1002, 1073741824, 0
1003, 1073741824, 0
1004, 1073741824, 0
1005, 1073741824, 0
1006, 1073741824, 0
1007, 1073741824, 0
1008, 1073741824, 0
1009, 1073741824, 0
1010, 1073741824, 0
1011, 1073741824, 0
1012, 1073741824, 0
1013, 1073741824, 0
1014, 1073741824, 0
1015, 1073741824, 0
1016, 1073741824, 0
1017, 1073741824, 0
1018, 1073741824, 0
1019, 1073741824, 0
1020, 1073741824, 0
1021, 1073741824, 0
1022, 1073741824, 0
1023, 1073741824, 0
