0, 12279, -5
1, 9279, 3075
2, 4214, 847
3, 3458, -4545
4, 7041, -6363
5, 8687, -2526
6, 4585, 1570
7, -1223, 562
8, -2326, -3458
9, 1290, -3865
10, 3324, 1275
11, -38, 6446
12, -4787, 6219
13, -4608, 2657
14, 368, 2348
15, 3721, 7173
16, 1565, 11617
17, -2157, 10316
18, -1223, 5448
19, 4138, 3691
20, 7459, 6995
21, 4886, 9922
22, 426, 7251
23, 338, 1285
24, 4433, -1223
25, 6332, 1689
26, 2317, 4587
27, -3462, 2261
28, -4658, -2975
29, -1415, -4438
30, -53, -288
31, -4217, 3919
32, -9708, 2892
33, -10212, -1128
34, -5956, -1554
35, -3349, 3333
36, -6084, 7891
37, -10042, 6821
38, -9029, 2404
39, -3421, 1247
40, 273, 5087
41, -1691, 8332
42, -5208, 5807
43, -4127, -67
44, 1139, -2567
45, 4106, 98
46, 1125, 2408
47, -3583, -712
48, -3786, -6767
49, 174, -9020
50, 1905, -5730
51, -2104, -2484
52, -7524, -4406
53, -8069, -9044
54, -4091, -9770
55, -1986, -4996
56, -5254, -432
57, -9585, -1271
58, -8789, -5105
59, -3350, -5363
60, 218, -521
61, -1657, 3691
62, -4738, 2135
63, -2943, -2677
64, 3132, -4099
65, 6920, -548
66, 4864, 2329
67, 1242, -469
68, 2170, -6296
69, 7073, -8422
70, 9463, -5240
71, 5920, -2381
72, 865, -4816
73, 501, -9879
74, 4311, -10896
75, 5878, -6376
76, 1871, -2066
77, -3230, -3008
78, -3236, -6617
79, 1262, -6322
80, 3783, -768
81, 948, 4210
82, -2825, 3542
83, -1477, -162
84, 4260, -328
85, 7788, 4399
86, 5686, 8229
87, 2331, 6206
88, 3731, 1079
89, 9099, -475
90, 11856, 2967
91, 8659, 5692
92, 3994, 2852
93, 3940, -2708
94, 7779, -4287
95, 9030, -499
96, 4493, 2893
97, -1229, 1013
98, -1989, -3339
99, 1499, -3560
100, 2765, 1591
101, -1361, 6218
102, -6279, 5376
103, -5930, 1814
104, -1153, 2063
105, 1476, 7281
106, -1284, 11544
107, -4914, 9953
108, -3469, 5342
109, 2090, 4306
110, 5122, 8057
111, 2387, 10757
112, -1569, 7640
113, -790, 1685
114, 3777, -422
115, 5558, 2565
116, 1447, 4839
117, -3870, 1690
118, -4353, -3877
119, -884, -5213
120, 43, -1178
121, -4571, 2319
122, -9974, 501
123, -10125, -3703
124, -5967, -3756
125, -4042, 1344
126, -7385, 5586
127, -11306, 4158
128, -9889, -3
129, -4218, -375
130, -957, 4032
131, -3197, 7238
132, -6294, 4538
133, -4405, -1000
134, 1316, -2752
135, 4207, 336
136, 1245, 2374
137, -2838, -1229
138, -2133, -7297
139, 2264, -9169
140, 3792, -5816
141, -428, -3159
142, -5536, -5807
143, -5557, -10608
144, -1570, -11011
145, -97, -6114
146, -3983, -1980
147, -8358, -3284
148, -7321, -6944
149, -2061, -6483
150, 792, -1110
151, -1668, 3077
152, -4655, 1433
153, -2389, -2895
154, 3803, -3377
155, 7222, 820
156, 4948, 3678
157, 1780, 684
158, 3488, -4865
159, 8751, -6352
160, 10927, -2899
161, 7222, -473
162, 2564, -3524
163, 2815, -8710
164, 6720, -9442
165, 7728, -4933
166, 3165, -1245
167, -1958, -2886
168, -1770, -6585
169, 2435, -5874
170, 4070, -105
171, 441, 4546
172, -3490, 3531
173, -1972, 106
174, 3553, 713
175, 6390, 5963
176, 3782, 9715
177, 628, 7505
178, 2594, 2714
179, 8161, 1881
180, 10618, 5683
181, 7265, 8062
182, 3079, 4694
183, 3776, -926
184, 7890, -2216
185, 8811, 1498
186, 3987, 4143
187, -1478, 1397
188, -1789, -3269
189, 1619, -3353
190, 2185, 1675
191, -2586, 5623
192, -7568, 4092
193, -7027, 488
194, -2496, 1212
195, -633, 6691
196, -3990, 10674
197, -7522, 8780
198, -5624, 4469
199, 25, 4180
200, 2691, 8370
201, -205, 10862
202, -3622, 7410
203, -1985, 1623
204, 3018, 33
205, 4705, 3148
206, 608, 4857
207, -4109, 998
208, -3786, -4767
209, -43, -5918
210, 535, -2021
211, -4387, 731
212, -9557, -1871
213, -9289, -6232
214, -5236, -5952
215, -3993, -743
216, -7907, 3088
217, -11767, 1276
218, -10004, -2604
219, -4404, -2203
220, -1685, 2722
221, -4256, 5875
222, -6979, 3077
223, -4380, -1995
224, 1652, -2899
225, 4379, 668
226, 1432, 2505
227, -1993, -1435
228, -386, -7344
229, 4408, -8727
230, 5748, -5277
231, 1409, -3191
232, -3277, -6497
233, -2725, -11396
234, 1266, -11476
235, 2116, -6554
236, -2324, -2951
237, -6690, -4765
238, -5445, -8277
239, -475, -7178
240, 1566, -1408
241, -1530, 2646
242, -4482, 884
243, -1875, -2934
244, 4254, -2483
245, 7159, 2316
246, 4602, 5143
247, 1847, 2029
248, 4253, -3128
249, 9769, -3905
250, 11682, -166
251, 7864, 1843
252, 3685, -1748
253, 4591, -6972
254, 8595, -7407
255, 9093, -2983
256, 4093, -2
257, -930, -2380
258, -498, -6206
259, 3396, -5178
260, 4148, 630
261, -227, 4791
262, -4283, 3337
263, -2646, 132
264, 2554, 1423
265, 4609, 7068
266, 1461, 10644
267, -1516, 8249
268, 938, 3849
269, 6588, 3762
270, 8688, 7909
271, 5208, 9961
272, 1564, 6159
273, 3039, 599
274, 7432, -332
275, 8087, 3304
276, 3122, 5201
277, -1919, 1633
278, -1671, -3295
279, 1720, -3266
280, 1675, 1538
281, -3597, 4704
282, -8510, 2435
283, -7730, -1240
284, -3477, -120
285, -2393, 5485
286, -6313, 9083
287, -9732, 6869
288, -7448, 2893
289, -1825, 3356
290, 397, 7956
291, -2667, 10258
292, -5542, 6582
293, -3087, 1116
294, 2288, 155
295, 3870, 3461
296, -129, 4686
297, -4140, 259
298, -2948, -5551
299, 1099, -6433
300, 1402, -2673
301, -3687, -669
302, -8485, -4012
303, -7738, -8485
304, -3785, -7901
305, -3211, -2683
306, -7638, 648
307, -11403, -1568
308, -9354, -5162
309, -3950, -4024
310, -1880, 1343
311, -4837, 4405
312, -7244, 1560
313, -4063, -2946
314, 2120, -2933
315, 4569, 1139
316, 1608, 2836
317, -1165, -1300
318, 1291, -6888
319, 6419, -7679
320, 7565, -4098
321, 3185, -2544
322, -986, -6426
323, 172, -11344
324, 4163, -11105
325, 4422, -6244
326, -489, -3260
327, -4778, -5626
328, -3344, -9025
329, 1257, -7382
330, 2417, -1373
331, -1338, 2415
332, -4291, 487
333, -1469, -2834
334, 4427, -1496
335, 6684, 3822
336, 3782, 6581
337, 1383, 3397
338, 4388, -1277
339, 10038, -1293
340, 11638, 2729
341, 7742, 4346
342, 4107, 297
343, 5690, -4871
344, 9798, -4987
345, 9848, -700
346, 4542, 1513
347, -244, -1615
348, 500, -5582
349, 4099, -4328
350, 4009, 1355
351, -1024, 4876
352, -5139, 2894
353, -3405, -151
354, 1386, 1714
355, 2598, 7603
356, -1092, 10902
357, -3907, 8308
358, -1049, 4334
359, 4570, 4999
360, 6249, 9466
361, 2666, 11207
362, -393, 7070
363, 1856, 1704
364, 6514, 1208
365, 6954, 4785
366, 1989, 5965
367, -2474, 1664
368, -1570, -3442
369, 1871, -3293
370, 1321, 1219
371, -4292, 3536
372, -8992, 516
373, -7914, -3237
374, -3939, -1796
375, -3621, 3808
376, -8057, 6924
377, -11336, 4373
378, -8721, 750
379, -3240, 1948
380, -1547, 6915
381, -4797, 9031
382, -7148, 5232
383, -3952, 227
384, 1695, -2
385, 3136, 3556
386, -720, 4386
387, -3953, -450
388, -1873, -6132
389, 2481, -6650
390, 2568, -3000
391, -2559, -1716
392, -6856, -5727
393, -5575, -10250
394, -1719, -9376
395, -1780, -4241
396, -6648, -1492
397, -10277, -4130
398, -7990, -7445
399, -2894, -5629
400, -1569, 73
401, -4958, 2981
402, -7116, 113
403, -3494, -3762
404, 2663, -2809
405, 4710, 1766
406, 1682, 3365
407, -477, -847
408, 2747, -5970
409, 8111, -6079
410, 9033, -2335
411, 4674, -1269
412, 1092, -5631
413, 2879, -10478
414, 6863, -9916
415, 6574, -5187
416, 1297, -2898
417, -2832, -5847
418, -1205, -9164
419, 2975, -7089
420, 3227, -1007
421, -1175, 2374
422, -4147, 210
423, -1209, -2659
424, 4298, -518
425, 5794, 5205
426, 2491, 7829
427, 395, 4601
428, 3889, 475
429, 9542, 1240
430, 10766, 5533
431, 6825, 6778
432, 3781, 2367
433, 6049, -2640
434, 10257, -2406
435, 9921, 1709
436, 4457, 3131
437, 50, -727
438, 1185, -4827
439, 4533, -3421
440, 3680, 1994
441, -1888, 4745
442, -5965, 2165
443, -4129, -779
444, 205, 1543
445, 548, 7522
446, -3665, 10430
447, -6320, 7619
448, -3135, 4092
449, 2337, 5492
450, 3534, 10238
451, -142, 11683
452, -2599, 7318
453, 398, 2279
454, 5284, 2300
455, 5545, 5855
456, 700, 6379
457, -3055, 1463
458, -1412, -3701
459, 2134, -3395
460, 1189, 791
461, -4595, 2233
462, -8934, -1519
463, -7493, -5335
464, -3786, -3631
465, -4198, 1857
466, -9075, 4400
467, -12178, 1500
468, -9294, -1763
469, -4063, 136
470, -2976, 5406
471, -6442, 7329
472, -8308, 3490
473, -4477, -935
474, 1313, -353
475, 2550, 3505
476, -1143, 4031
477, -3574, -1048
478, -625, -6430
479, 4006, -6475
480, 3911, -2898
481, -1137, -2281
482, -4828, -6862
483, -2970, -11354
484, 795, -10197
485, 140, -5223
486, -5080, -3122
487, -8519, -6201
488, -6035, -9253
489, -1344, -6842
490, -831, -928
491, -4688, 1736
492, -6659, -1154
493, -2741, -4375
494, 3208, -2496
495, 4719, 2539
496, 1565, 4050
497, -44, -140
498, 3838, -4675
499, 9319, -4035
500, 9977, -111
501, 5681, 516
502, 2740, -4221
503, 5162, -8900
504, 9130, -8004
505, 8343, -3471
506, 2815, -1929
507, -1050, -5471
508, 792, -8736
509, 4529, -6334
510, 3882, -352
511, -1117, 2476
512, -4096, -1
513, -1117, -2479
514, 3882, 348
515, 4529, 6331
516, 791, 8733
517, -1049, 5468
518, 2815, 1924
519, 8345, 3467
520, 9131, 8001
521, 5162, 8897
522, 2740, 4217
523, 5681, -520
524, 9978, 106
525, 9320, 4032
526, 3838, 4671
527, -44, 134
528, 1566, -4054
529, 4720, -2544
530, 3208, 2491
531, -2741, 4372
532, -6659, 1149
533, -4688, -1741
534, -832, 924
535, -1344, 6839
536, -6036, 9249
537, -8520, 6198
538, -5080, 3117
539, 139, 5219
540, 795, 10193
541, -2971, 11350
542, -4828, 6858
543, -1138, 2275
544, 3911, 2894
545, 4006, 6472
546, -626, 6426
547, -3575, 1044
548, -1143, -4036
549, 2550, -3509
550, 1312, 348
551, -4478, 931
552, -8309, -3492
553, -6443, -7334
554, -2976, -5410
555, -4063, -141
556, -9295, 1758
557, -12179, -1504
558, -9075, -4405
559, -4198, -1861
560, -3785, 3627
561, -7494, 5330
562, -8934, 1514
563, -4595, -2237
564, 1188, -796
565, 2133, 3389
566, -1412, 3696
567, -3056, -1466
568, 700, -6384
569, 5545, -5859
570, 5283, -2303
571, 397, -2283
572, -2599, -7322
573, -142, -11687
574, 3534, -10242
575, 2336, -5497
576, -3136, -4096
577, -6321, -7624
578, -3665, -10434
579, 548, -7527
580, 204, -1546
581, -4129, 774
582, -5964, -2169
583, -1888, -4748
584, 3680, -1999
585, 4534, 3417
586, 1184, 4821
587, 50, 722
588, 4457, -3136
589, 9921, -1712
590, 10257, 2401
591, 6049, 2636
592, 3781, -2371
593, 6825, -6783
594, 10766, -5538
595, 9542, -1243
596, 3888, -480
597, 394, -4606
598, 2490, -7831
599, 5793, -5208
600, 4298, 513
601, -1210, 2655
602, -4147, -214
603, -1175, -2379
604, 3225, 1002
605, 2974, 7085
606, -1205, 9158
607, -2831, 5842
608, 1295, 2894
609, 6574, 5184
610, 6863, 9912
611, 2879, 10473
612, 1092, 5627
613, 4674, 1265
614, 9033, 2331
615, 8110, 6074
616, 2747, 5965
617, -477, 842
618, 1681, -3369
619, 4709, -1771
620, 2662, 2804
621, -3495, 3757
622, -7116, -118
623, -4957, -2985
624, -1569, -78
625, -2894, 5625
626, -7990, 7441
627, -10277, 4125
628, -6648, 1487
629, -1780, 4237
630, -1718, 9370
631, -5575, 10245
632, -6855, 5723
633, -2558, 1710
634, 2566, 2996
635, 2480, 6645
636, -1873, 6128
637, -3953, 445
638, -719, -4389
639, 3135, -3558
640, 1694, 0
641, -3952, -231
642, -7149, -5235
643, -4798, -9037
644, -1548, -6919
645, -3241, -1953
646, -8722, -753
647, -11337, -4376
648, -8059, -6928
649, -3621, -3813
650, -3940, 1791
651, -7915, 3233
652, -8992, -520
653, -4293, -3540
654, 1320, -1223
655, 1870, 3289
656, -1570, 3437
657, -2475, -1666
658, 1988, -5970
659, 6954, -4790
660, 6513, -1211
661, 1856, -1708
662, -394, -7073
663, 2665, -11209
664, 6249, -9471
665, 4570, -5004
666, -1049, -4338
667, -3908, -8311
668, -1093, -10905
669, 2596, -7607
670, 1384, -1718
671, -3405, 146
672, -5139, -2898
673, -1024, -4880
674, 4009, -1359
675, 4099, 4323
676, 498, 5576
677, -244, 1610
678, 4541, -1518
679, 9847, 695
680, 9797, 4982
681, 5690, 4866
682, 4106, -301
683, 7741, -4350
684, 11636, -2733
685, 10036, 1290
686, 4387, 1272
687, 1382, -3401
688, 3781, -6585
689, 6684, -3827
690, 4427, 1491
691, -1469, 2830
692, -4291, -492
693, -1338, -2420
694, 2416, 1368
695, 1256, 7378
696, -3345, 9020
697, -4778, 5622
698, -489, 3254
699, 4421, 6239
700, 4162, 11100
701, 170, 11338
702, -986, 6420
703, 3184, 2538
704, 7565, 4094
705, 6419, 7674
706, 1291, 6885
707, -1165, 1296
708, 1608, -2841
709, 4569, -1144
710, 2119, 2930
711, -4064, 2941
712, -7245, -1564
713, -4838, -4408
714, -1880, -1347
715, -3951, 4019
716, -9354, 5158
717, -11403, 1564
718, -7638, -652
719, -3211, 2678
720, -3786, 7897
721, -7739, 8481
722, -8486, 4007
723, -3687, 664
724, 1401, 2668
725, 1098, 6429
726, -2948, 5547
727, -4140, -263
728, -129, -4689
729, 3869, -3465
730, 2287, -158
731, -3088, -1119
732, -5543, -6586
733, -2667, -10261
734, 396, -7959
735, -1825, -3358
736, -7448, -2897
737, -9734, -6874
738, -6314, -9088
739, -2393, -5490
740, -3478, 116
741, -7730, 1235
742, -8510, -2438
743, -3598, -4707
744, 1674, -1542
745, 1719, 3262
746, -1672, 3290
747, -1919, -1636
748, 3121, -5205
749, 8085, -3308
750, 7431, 326
751, 3038, -604
752, 1563, -6162
753, 5207, -9965
754, 8687, -7913
755, 6587, -3765
756, 937, -3854
757, -1517, -8251
758, 1461, -10646
759, 4607, -7071
760, 2552, -1426
761, -2647, -136
762, -4283, -3341
763, -227, -4795
764, 4146, -634
765, 3395, 5173
766, -498, 6201
767, -929, 2374
768, 4093, -2
769, 9093, 2978
770, 8594, 7404
771, 4590, 6967
772, 3685, 1743
773, 7864, -1848
774, 11682, 161
775, 9768, 3899
776, 4251, 3123
777, 1845, -2034
778, 4601, -5147
779, 7159, -2320
780, 4252, 2477
781, -1876, 2929
782, -4483, -889
783, -1530, -2650
784, 1565, 1405
785, -475, 7173
786, -5446, 8272
787, -6690, 4760
788, -2324, 2946
789, 2114, 6550
790, 1265, 11471
791, -2726, 11390
792, -3278, 6490
793, 1408, 3185
794, 5747, 5272
795, 4406, 8721
796, -387, 7339
797, -1994, 1428
798, 1431, -2510
799, 4378, -673
800, 1651, 2895
801, -4382, 1990
802, -6979, -3081
803, -4257, -5880
804, -1686, -2726
805, -4404, 2198
806, -10003, 2599
807, -11767, -1280
808, -7907, -3090
809, -3993, 738
810, -5235, 5948
811, -9290, 6229
812, -9556, 1865
813, -4387, -736
814, 534, 2016
815, -43, 5912
816, -3786, 4762
817, -4108, -1002
818, 607, -4861
819, 4704, -3151
820, 3017, -37
821, -1985, -1627
822, -3622, -7415
823, -205, -10864
824, 2690, -8374
825, 23, -4183
826, -5625, -4472
827, -7522, -8784
828, -3989, -10677
829, -634, -6694
830, -2496, -1216
831, -7025, -492
832, -7569, -4097
833, -2586, -5628
834, 2183, -1680
835, 1618, 3348
836, -1790, 3263
837, -1479, -1401
838, 3985, -4148
839, 8809, -1503
840, 7889, 2210
841, 3775, 923
842, 3077, -4699
843, 7265, -8066
844, 10617, -5687
845, 8160, -1884
846, 2593, -2718
847, 626, -7508
848, 3780, -9719
849, 6388, -5968
850, 3552, -717
851, -1972, -109
852, -3490, -3535
853, 439, -4550
854, 4068, 101
855, 2433, 5868
856, -1769, 6581
857, -1958, 2880
858, 3164, 1241
859, 7726, 4927
860, 6719, 9436
861, 2814, 8704
862, 2563, 3517
863, 7220, 469
864, 10925, 2894
865, 8749, 6348
866, 3487, 4859
867, 1779, -687
868, 4946, -3681
869, 7221, -824
870, 3801, 3372
871, -2390, 2890
872, -4656, -1436
873, -1669, -3080
874, 791, 1107
875, -2062, 6478
876, -7320, 6939
877, -8358, 3279
878, -3983, 1974
879, -98, 6110
880, -1569, 11004
881, -5556, 10604
882, -5535, 5801
883, -428, 3155
884, 3791, 5810
885, 2261, 9164
886, -2133, 7291
887, -2839, 1224
888, 1243, -2377
889, 4205, -340
890, 1314, 2747
891, -4405, 994
892, -6294, -4541
893, -3197, -7240
894, -957, -4033
895, -4218, 371
896, -9889, -1
897, -11309, -4162
898, -7386, -5590
899, -4043, -1349
900, -5968, 3751
901, -10126, 3697
902, -9974, -505
903, -4571, -2325
904, 42, 1172
905, -884, 5208
906, -4354, 3871
907, -3870, -1694
908, 1446, -4844
909, 5556, -2570
910, 3775, 416
911, -791, -1690
912, -1569, -7645
913, 2386, -10761
914, 5120, -8062
915, 2089, -4310
916, -3470, -5346
917, -4914, -9957
918, -1284, -11547
919, 1475, -7284
920, -1154, -2068
921, -5931, -1818
922, -6280, -5379
923, -1362, -6220
924, 2763, -1595
925, 1497, 3555
926, -1990, 3334
927, -1230, -1017
928, 4491, -2898
929, 9029, 494
930, 7777, 4281
931, 3939, 2703
932, 3992, -2857
933, 8657, -5696
934, 11853, -2971
935, 9097, 471
936, 3729, -1083
937, 2330, -6210
938, 5685, -8233
939, 7785, -4403
940, 4257, 323
941, -1478, 157
942, -2826, -3547
943, 946, -4214
944, 3781, 762
945, 1261, 6317
946, -3237, 6612
947, -3229, 3003
948, 1869, 2060
949, 5875, 6371
950, 4308, 10889
951, 499, 9873
952, 863, 4810
953, 5917, 2377
954, 9460, 5234
955, 7070, 8415
956, 2167, 6290
957, 1239, 465
958, 4861, -2333
959, 6917, 544
960, 3132, 4094
961, -2944, 2671
962, -4739, -2140
963, -1657, -3695
964, 217, 516
965, -3351, 5357
966, -8789, 5101
967, -9585, 1266
968, -5254, 426
969, -1986, 4991
970, -4092, 9765
971, -8070, 9037
972, -7525, 4400
973, -2104, 2478
974, 1903, 5724
975, 172, 9012
976, -3787, 6761
977, -3584, 706
978, 1124, -2413
979, 4104, -103
980, 1138, 2561
981, -4128, 60
982, -5208, -5810
983, -1692, -8335
984, 272, -5089
985, -3421, -1252
986, -9029, -2407
987, -10043, -6826
988, -6084, -7895
989, -3349, -3337
990, -5957, 1549
991, -10211, 1123
992, -9708, -2897
993, -4217, -3925
994, -55, 281
995, -1416, 4431
996, -4659, 2970
997, -3462, -2267
998, 2316, -4592
999, 6330, -1694
1000, 4432, 1217
1001, 336, -1289
1002, 425, -7255
1003, 4884, -9926
1004, 7456, -7000
1005, 4135, -3696
1006, -1223, -5452
1007, -2157, -10319
1008, 1564, -11621
1009, 3719, -7179
1010, 366, -2353
1011, -4609, -2661
1012, -4787, -6224
1013, -38, -6450
1014, 3322, -1280
1015, 1289, 3859
1016, -2326, 3451
1017, -1224, -567
1018, 4583, -1575
1019, 8684, 2521
1020, 7038, 6356
1021, 3456, 4538
1022, 4213, -851
1023, 9277, -3078
