0, -255, -252
1, -176, -233
2, -95, -26
3, -80, -114
4, -64, -21
5, 26, 246
6, -67, -16
7, -46, -31
8, -29, -5
9, -6, -16
10, -33, -12
11, -29, -30
12, -34, -8
13, -11, 57
14, -29, -1
15, -21, -9
16, -13, 6
17, -17, 13
18, -7, -7
19, -16, -6
20, -13, 0
21, -137, 301
22, -26, -3
23, -14, 20
24, -4, 4
25, 17, 49
26, -4, 13
27, -10, 35
28, -39, 17
29, 177, 280
30, -21, 16
31, -4, 80
32, -6, 37
33, -22, 211
34, 37, 53
35, -6, 269
36, 0, 166
37, 33548604, 32
38, 13, -158
39, -20, -295
40, -8, -61
41, -41, -233
42, -42, -33
43, -9, -110
44, 21, -31
45, -168, -321
46, -13, -17
47, -4, -75
48, -6, -14
49, -30, -85
50, -20, -20
51, -4, -56
52, -11, -16
53, 121, -339
54, -7, -20
55, -6, -49
56, -15, -13
57, -12, -53
58, -14, -10
59, -4, -39
60, -2, -8
61, -66, -116
62, -19, -19
63, 8, -36
64, -1, -8
65, -2, -39
66, -3, -6
67, -1, -27
68, -1, -11
69, -9, -356
70, -9, -25
71, 10, -27
72, 1, -8
73, -21, -29
74, 1, -23
75, 7, -19
76, -4, -4
77, 4, -70
78, 12, 15
79, -12, -8
80, -3, -6
81, -34, -23
82, -11, -17
83, -3, -27
84, -5, -10
85, 61, -106
86, -5, -2
87, -7, -26
88, -7, -5
89, 27, -14
90, -9, -6
91, 4, -17
92, 1, -7
93, -27, -55
94, -5, -4
95, -6, -16
96, 0, -1
97, 35, -32
98, -5, -5
99, 0, -22
100, -5, -7
101, 170, -297
102, -3, -4
103, -8, -15
104, -5, -9
105, -5, -16
106, -5, 1
107, 12, -16
108, -2, -7
109, -50, -42
110, 0, -13
111, 4, 0
112, -4, -5
113, -27, -25
114, -12, -8
115, -12, -14
116, -2, -9
117, 49, -60
118, -6, -5
119, 5, -11
120, -6, -4
121, -18, -11
122, -10, -4
123, -10, -16
124, 3, -3
125, -68, -39
126, 2, -4
127, 1, -15
128, 0, -2
129, -22, -21
130, -6, -6
131, -6, -15
132, -3, -6
133, 48, -123
134, 1, -3
135, -2, -9
136, -2, -5
137, 1, -11
138, -8, -3
139, -5, -14
140, 6, -7
141, -6, -39
142, 0, -6
143, -3, -8
144, -1, -1
145, 17, -14
146, -8, -8
147, -13, -40
148, 8, -5
149, 2, -46
150, 6, 6
151, 13, -22
152, 1, -3
153, -14, -5
154, -1, -10
155, 14, -10
156, 0, 4
157, -46, -30
158, -1, -1
159, 5, -9
160, 1, -4
161, 32, -15
162, -3, -1
163, 0, -10
164, 1, 3
165, 253, -262
166, -1, 2
167, 6, -13
168, -3, 1
169, -17, -11
170, -6, -3
171, 2, -24
172, -4, -5
173, 59, -26
174, 0, 6
175, -3, 4
176, -1, 2
177, -20, -15
178, 1, 3
179, 2, -12
180, -2, 7
181, 1, -27
182, 6, 9
183, -3, -19
184, -2, 32
185, -23, -10
186, -5, -33
187, 2, 1
188, -2, -15
189, 24, -24
190, -5, -3
191, 5, -2
192, 0, -6
193, 42, -14
194, -1, -11
195, 11, -3
196, 3, 1
197, 3, -73
198, -5, -8
199, 1, -14
200, 4, -5
201, -7, -9
202, -3, -13
203, 7, -4
204, -2, -6
205, 42, -23
206, -3, 0
207, 2, 1
208, 2, 1
209, 27, -3
210, -3, -5
211, 1, -15
212, -2, -7
213, 6, -28
214, -6, -5
215, 1, -8
216, -2, -6
217, -4, -9
218, -10, -8
219, 10, -10
220, -1, -3
221, -20, -20
222, 7, -9
223, 9, 3
224, 0, -2
225, 31, 1
226, 1, 0
227, -1, -1
228, 1, -7
229, 31, -77
230, -2, -9
231, 7, -5
232, 3, -2
233, -37, -12
234, 1, -8
235, 0, -5
236, 3, -4
237, 3, -9
238, 1, -2
239, 1, 1
240, -1, -3
241, 18, -3
242, 2, -7
243, -1, -3
244, 3, -1
245, 48, -19
246, -2, -6
247, 3, -7
248, 2, -5
249, -81, -8
250, 1, 0
251, -3, -2
252, 1, -2
253, 17, -20
254, 5, 1
255, 7, -6
256, 1, 0
257, -21, -4
258, -2, -1
259, 0, -3
260, 2, -4
261, 59, -63
262, -2, 0
263, -3, -3
264, 4, -3
265, 17, -1
266, 3, -1
267, 4, -4
268, 2, -1
269, -26, -12
270, -4, 1
271, 0, -5
272, 1, -5
273, -22, -6
274, 0, -2
275, 6, -2
276, 0, 0
277, 71, -18
278, 2, -2
279, 4, -5
280, 3, -3
281, -36, -8
282, -2, -5
283, 4, -2
284, 2, -7
285, 16, -17
286, -3, 0
287, -4, -5
288, -1, -1
289, 40, -12
290, 0, -2
291, 6, -8
292, 2, 0
293, 205, -287
294, -4, -5
295, 8, 1
296, 6, 1
297, 21, -6
298, 0, 1
299, -3, -1
300, 5, -1
301, 8, -11
302, -3, -1
303, 1, -6
304, 0, -1
305, -8, -9
306, -5, -2
307, 4, -12
308, -1, -6
309, 37, -20
310, 1, 3
311, -1, 2
312, -5, 0
313, -44, -9
314, 0, -1
315, -2, 3
316, 2, 1
317, -24, -19
318, -2, -3
319, 4, -1
320, 1, -9
321, 35, -5
322, 1, 7
323, 4, -4
324, 0, 5
325, -3, -39
326, -1, -2
327, 1, -2
328, 3, 2
329, -35, -3
330, 7, 6
331, 0, 11
332, -1, 22
333, -67, -18
334, 5, -17
335, 3, -13
336, -1, -6
337, 35, -6
338, -5, -7
339, 0, -2
340, 6, 0
341, 43, -2
342, 2, -1
343, 5, 4
344, 4, 3
345, 14, -9
346, 1, -10
347, -3, -11
348, 1, -3
349, -9, -15
350, 1, -4
351, 0, -10
352, 0, -2
353, -12, 4
354, 1, -1
355, -4, -8
356, 4, -1
357, 23, -19
358, -2, -3
359, 1, -7
360, 4, -3
361, 4, 0
362, -4, -1
363, 4, -7
364, 2, -3
365, 62, -5
366, -1, -4
367, 2, -7
368, 0, 1
369, 26, -11
370, -2, -11
371, -3, -6
372, -2, -1
373, 1, 1
374, 4, 3
375, 2, -2
376, 0, 2
377, -9, -8
378, 1, -3
379, 6, -8
380, 1, -2
381, -30, -13
382, 5, -1
383, 3, -6
384, 0, -2
385, 11, -7
386, -1, -4
387, 6, -6
388, 0, -1
389, 85, -28
390, 0, -4
391, -3, -9
392, 2, 1
393, 26, 12
394, -2, -4
395, 2, -8
396, 1, -4
397, 49, -13
398, 0, 3
399, 12, -5
400, -1, -4
401, 18, -2
402, 0, -5
403, 0, -1
404, 1, -2
405, 48, -5
406, 0, -1
407, 4, -1
408, -1, -5
409, -23, -2
410, -2, -4
411, 6, -2
412, 1, -2
413, -13, -4
414, 2, 5
415, -3, -2
416, 1, -2
417, -13, -2
418, 5, -5
419, 6, -5
420, 2, -3
421, 143, -7
422, -1, -3
423, -2, -6
424, 2, 0
425, 19, -9
426, -1, -3
427, -2, -8
428, 3, -3
429, 20, -2
430, -2, -4
431, 0, -11
432, 2, -7
433, 39, -9
434, 2, -3
435, 11, -3
436, 4, -6
437, 38, -5
438, 0, -4
439, -1, 3
440, 2, -1
441, 18, 7
442, -3, -4
443, 2, -7
444, 7, -1
445, 0, -12
446, 1, 6
447, -1, 4
448, 0, -1
449, 54, 10
450, 2, -1
451, 3, 1
452, 0, 0
453, 9, -18
454, 3, -5
455, -1, -9
456, 0, -3
457, -1, -1
458, -1, 0
459, 7, -10
460, 8, 1
461, -9, -7
462, 1, 1
463, 3, -5
464, 2, -4
465, 11, 2
466, 0, -4
467, 1, -4
468, 4, -12
469, 23, 2
470, 1, 13
471, -1, 6
472, 1, 7
473, -37, 6
474, 3, 0
475, 5, 9
476, -2, 8
477, -33, -13
478, 4, 9
479, -3, 21
480, 2, 17
481, -34, 0
482, 3, -9
483, 3, -26
484, 1, -8
485, 40, 8
486, 0, 0
487, 4, -14
488, 2, -1
489, 8, -1
490, 5, 1
491, -2, -8
492, 1, 7
493, 11, -5
494, -5, -4
495, 0, -8
496, 3, -4
497, -38, 3
498, -2, -5
499, 3, -7
500, 1, 3
501, 30, 4
502, 0, 1
503, 4, -7
504, 0, 2
505, -64, -6
506, -3, -3
507, 10, -5
508, -1, -1
509, 4, -1
510, -5, -2
511, 4, -3
512, 1, 0
513, 20, 3
514, -1, -4
515, 0, -4
516, 2, 3
517, -10, -18
518, 3, -4
519, 4, -11
520, 3, -1
521, -18, -6
522, 1, 2
523, 7, -4
524, 2, -2
525, 59, -5
526, -1, -5
527, 5, -9
528, 3, 0
529, 3, -1
530, 3, -1
531, 6, -4
532, -1, 0
533, 31, 13
534, 0, 3
535, 2, -12
536, 0, 0
537, 45, -5
538, 0, -5
539, 4, 1
540, 3, 1
541, 61, 0
542, 1, 0
543, 8, -4
544, 4, -3
545, 12, 1
546, 5, 1
547, 2, -5
548, 2, 0
549, 636, -146
550, 1, 0
551, 10, -1
552, 0, 1
553, -3, -5
554, 4, -5
555, 7, 0
556, 1, 3
557, 86, -3
558, 1, -1
559, 0, -9
560, 2, 0
561, -4, -1
562, 0, -4
563, 8, -2
564, 1, -4
565, 21, 5
566, -1, -2
567, 2, -3
568, 1, -3
569, 42, -1
570, 2, -2
571, 2, -3
572, -2, 2
573, 28, 2
574, -1, 1
575, 6, -6
576, 3, 0
577, 18, 1
578, 7, -2
579, 3, -3
580, -1, -3
581, 85, -2
582, -5, -1
583, 10, 1
584, 1, -2
585, 1, 1
586, -1, -1
587, 3, -1
588, 2, -2
589, 10, 2
590, -2, 1
591, 0, -6
592, 5, -2
593, -16, 3
594, 1, 1
595, 5, -7
596, 7, -2
597, 43, 10
598, 1, -6
599, 9, -6
600, 3, -1
601, -9, 2
602, 1, -4
603, 8, -9
604, 1, -5
605, 47, -3
606, -1, 8
607, 2, -2
608, 2, 1
609, 39, -2
610, 5, -1
611, 4, -4
612, 5, -7
613, 72, 31
614, 1, -6
615, 6, -27
616, 5, -13
617, 77, 4
618, 3, 11
619, 2, 26
620, 2, 9
621, 22, -2
622, 2, 3
623, 2, 10
624, 2, 7
625, 35, -3
626, 10, 8
627, 4, -2
628, 0, 9
629, 23, 10
630, 6, -9
631, 3, 3
632, 0, -4
633, 20, 1
634, 0, 0
635, 8, 2
636, 3, 1
637, 2, -5
638, -2, 2
639, 5, 5
640, 2, 4
641, -6, -5
642, 2, 0
643, 6, -1
644, 5, 0
645, 12, -7
646, 1, -3
647, 6, 1
648, 2, 1
649, -3, -1
650, 6, 1
651, 3, 4
652, 0, 5
653, 36, 5
654, -2, -2
655, 1, -2
656, 3, -1
657, -37, 0
658, 2, -2
659, 9, 0
660, 4, 3
661, 44, 12
662, 6, 2
663, 1, -4
664, 1, 3
665, -56, 1
666, 3, -6
667, 6, 6
668, -2, 0
669, 2, 2
670, 1, 3
671, 5, -1
672, 1, 2
673, -20, 1
674, -1, 1
675, 2, 4
676, 5, 1
677, 109, 98
678, 5, -2
679, 8, -3
680, 3, -3
681, 33, 7
682, 8, 1
683, 8, 6
684, 0, -1
685, -29, 10
686, -2, -2
687, 5, 4
688, 1, 0
689, 14, 1
690, 3, -3
691, -4, -8
692, 2, -1
693, 29, 21
694, 0, 3
695, 9, 7
696, 4, 0
697, 9, 10
698, 5, 1
699, 8, -9
700, 4, -5
701, -20, 4
702, 3, -5
703, 1, 2
704, 2, 0
705, 12, 10
706, -1, 3
707, 7, 3
708, 3, 1
709, 63, 15
710, 3, 0
711, 9, 2
712, 2, 5
713, -7, 13
714, 3, 1
715, 1, -4
716, 2, -2
717, 84, 9
718, 1, 2
719, 4, 3
720, 2, -1
721, -5, 3
722, -1, -3
723, 9, -3
724, 4, -1
725, -10, 16
726, 4, 1
727, 5, 10
728, -4, -6
729, -30, 3
730, 0, 0
731, 2, 2
732, 1, -5
733, 40, -2
734, 1, -1
735, 7, -9
736, 0, 0
737, -43, -1
738, 3, -2
739, 5, 5
740, 7, 1
741, 59, 67
742, 2, 7
743, 5, 5
744, 5, -2
745, 31, 6
746, 3, -2
747, 4, 3
748, 5, 2
749, -9, 3
750, -1, -2
751, 1, -5
752, 5, -9
753, 4, -1
754, -2, 3
755, 1, 13
756, 3, 1
757, 84, 25
758, 0, 0
759, 1, 9
760, 0, 1
761, -5, 2
762, -3, -10
763, 1, 10
764, 3, -22
765, 21, 8
766, -1, 23
767, 7, -6
768, 1, 12
769, -3, 6
770, 10, 7
771, 8, 1
772, 0, 10
773, 29, 11
774, 2, 8
775, 5, 9
776, 2, 13
777, -9, 3
778, 5, -5
779, 6, 2
780, -2, -1
781, 18, 0
782, 2, 1
783, 4, 3
784, 5, 3
785, -20, 6
786, 8, 2
787, 4, 12
788, 2, 4
789, -13, 20
790, 8, 2
791, 4, 1
792, 1, -1
793, -2, 8
794, 2, 1
795, 2, 2
796, 6, 1
797, 26, 5
798, -1, 8
799, -4, 5
800, 3, 3
801, 22, 12
802, 6, 8
803, -2, -16
804, 4, -2
805, 323, 197
806, -6, -5
807, 10, 3
808, 2, -1
809, -45, 12
810, 2, 1
811, 13, 3
812, 5, 5
813, 22, 3
814, -1, -5
815, 7, -2
816, 4, 3
817, 38, 7
818, 5, 2
819, 0, 6
820, 7, -2
821, 33, 30
822, 3, -1
823, 5, 6
824, 7, 0
825, 22, 11
826, 8, -3
827, 4, -1
828, 2, 1
829, -14, 9
830, -2, -3
831, 2, 7
832, 1, 1
833, -7, 7
834, 7, 5
835, -2, 6
836, 2, 5
837, 43, 33
838, 3, 0
839, 7, -8
840, 3, 0
841, 39, 15
842, 9, 6
843, 6, 1
844, 3, 4
845, 13, 2
846, 5, 1
847, 5, 3
848, 3, 2
849, 51, 2
850, 3, 7
851, 6, 0
852, 4, 4
853, 29, 42
854, -2, 5
855, 9, 8
856, 4, 3
857, -20, 9
858, 7, 4
859, 7, 5
860, 5, 3
861, 21, 13
862, 5, 0
863, 0, 8
864, 2, -2
865, 6, 10
866, -1, 3
867, 0, 6
868, 0, 7
869, 43, 113
870, 4, 9
871, 1, 13
872, 4, -3
873, 24, 4
874, 10, 5
875, -18, -7
876, -2, -3
877, -6, 9
878, -9, -2
879, 16, -11
880, 10, 1
881, 6, 15
882, 0, 3
883, 7, 2
884, 4, -3
885, 19, 37
886, 0, -1
887, 10, 6
888, 6, -2
889, 63, 10
890, 5, 7
891, 0, 10
892, 5, 0
893, -12, 13
894, -1, -1
895, 3, 0
896, 2, 0
897, 5, 13
898, 5, 2
899, 2, -2
900, 2, -5
901, 87, 62
902, -2, 6
903, 7, -3
904, 2, -1
905, -8, 12
906, 4, 6
907, 4, -2
908, 1, -6
909, 25, 15
910, -14, -15
911, 2, -21
912, 3, -54
913, 194, 20
914, 2, 55
915, 4, 33
916, 7, 32
917, 2, 51
918, 12, 9
919, 10, 23
920, 7, 13
921, 13, 10
922, 4, 16
923, 6, 26
924, -3, 18
925, -15, 20
926, 14, 1
927, 5, 0
928, 5, 8
929, 45, 12
930, 7, 9
931, 8, 11
932, 8, 11
933, 55, 367
934, 9, 11
935, 4, 10
936, 6, 14
937, 1, 21
938, 11, 9
939, 8, 6
940, 1, 1
941, 34, 30
942, 4, 8
943, 10, 7
944, -2, 9
945, -5, 23
946, 22, 27
947, 7, 23
948, 16, 12
949, -72, 55
950, -10, 20
951, 11, 5
952, 8, 9
953, 4, 13
954, -9, -4
955, 12, 15
956, 7, 17
957, 16, 28
958, 1, 2
959, 7, 8
960, 2, 7
961, 8, 22
962, -4, 5
963, 7, 11
964, 2, 10
965, 49, 120
966, 11, 9
967, 11, 17
968, 2, 11
969, 31, 21
970, 9, 8
971, 9, 18
972, 0, 11
973, 35, 33
974, 13, 5
975, 11, 17
976, 6, 8
977, -13, 22
978, 0, 12
979, 13, 18
980, 6, 12
981, 61, 90
982, 13, 11
983, 19, 28
984, 9, 13
985, 35, 28
986, 7, 8
987, 15, 39
988, 10, 12
989, 45, 47
990, 12, 17
991, -1, 37
992, 2, 13
993, 10, 36
994, 17, 15
995, 9, 34
996, 11, 22
997, -46, 358
998, 16, 22
999, 8, 34
1000, 6, 17
1001, -6, 47
1002, 11, 25
1003, 6, 46
1004, 7, 31
1005, 63, 83
1006, 13, 24
1007, 6, 44
1008, 1, 20
1009, -16, 65
1010, 14, 33
1011, 9, 65
1012, 9, 33
1013, 2, 186
1014, 22, 41
1015, 20, 73
1016, 14, 34
1017, 30, 116
1018, 25, 53
1019, 12, 145
1020, 17, 69
1021, 42, 265
1022, 37, 118
1023, -78, 471
